{
 "cells": [
  {
   "cell_type": "markdown",
   "metadata": {},
   "source": [
    "<div align=\"center\">\n",
    "МІНІСТЕРСТВО ОСВІТИ І НАУКИ УКРАЇНИ<br>\n",
    "ІНСТИТУТ ПРИКЛАДНОГО СИСТЕМНОГО АНАЛІЗУ<br>\n",
    "НАЦІОНАЛЬНОГО ТЕХНІЧНОГО УНІВЕРСИТЕТУ УКРАЇНИ<br>\n",
    "«КИЇВСЬКИЙ ПОЛІТЕХНІЧНИЙ ІНСТИТУТ»<br>\n",
    "КАФЕДРА МАТЕМАТИЧНИХ МЕТОДІВ СИСТЕМНОГО АНАЛІЗУ<br>\n",
    "</div>\n",
    "<br><br><br><br><br><br>\n",
    "<center><font size=\"+2\">Лабораторна робота №1</font></center>\n",
    "<center>З курсу \"Чисельні методи\"</center>\n",
    "<center>Тема \"Обчислення власних чисел та відповідих власних векторів матриць\"</center>\n",
    "<br><br><br>\n",
    "<div align=\"right\">\n",
    "    <strong>Виконав:</strong><br>\n",
    "    Студент группи КА-81<br>\n",
    "    Єрко А.В.<br><br>\n",
    "    <strong>Прийняла:</strong><br>\n",
    "    Хоменко О.В.\n",
    "</div>\n",
    "<br><br><br><br><br><br>\n",
    "<center>Київ - 2020</center>\n",
    "\n",
    "\n",
    "<hr>"
   ]
  },
  {
   "cell_type": "markdown",
   "metadata": {},
   "source": [
    "**Мета роботи**: набути вміння та досвід використання методів\n",
    "розв’язання часткової та повної проблеми власних значень. Закріпити\n",
    "та поглибити теоретичні знання методів розв’язання часткової та\n",
    "повної проблеми власних значень."
   ]
  },
  {
   "cell_type": "code",
   "execution_count": 1,
   "metadata": {},
   "outputs": [],
   "source": [
    "import numpy as np #підключимо бібліотеку матричних розрахунків\n",
    "np.set_printoptions(precision=6)"
   ]
  },
  {
   "cell_type": "markdown",
   "metadata": {},
   "source": [
    "# Варіант 4\n",
    "### Матриця з таблиці 1:"
   ]
  },
  {
   "cell_type": "code",
   "execution_count": 2,
   "metadata": {},
   "outputs": [],
   "source": [
    "matrix1 = np.array([\n",
    "    [ 932,  82,  -578, -519,  593],\n",
    "    [  82,  834, -350, -100,  374],\n",
    "    [-578, -350,  834,  352, -570],\n",
    "    [-519, -100,  352,  653, -253],\n",
    "    [ 593,  374, -570, -253,  898]               \n",
    "    ])"
   ]
  },
  {
   "cell_type": "markdown",
   "metadata": {},
   "source": [
    "### Матриця з таблиці 2:"
   ]
  },
  {
   "cell_type": "code",
   "execution_count": 3,
   "metadata": {},
   "outputs": [],
   "source": [
    "matrix2 = np.array([\n",
    "    [ 863, -758, -380, -208, -294],\n",
    "    [ -17,  756, -345,  553,  771],\n",
    "    [-856,  129,  872,  661,  654],\n",
    "    [ 854,  818,  401,  878, -108],\n",
    "    [-847,   78,  579,  599,  834]            \n",
    "    ])"
   ]
  },
  {
   "cell_type": "markdown",
   "metadata": {},
   "source": [
    "# Завдання 1 \n",
    "Знайти найбільше та власне число та відповідний власний\n",
    "вектор степеневим методом або методом скалярних добутків з точністю\n",
    "$\\varepsilon=0,0001$ (матриця з таблиці 1).\n",
    "\n",
    "1. Звіт має містити код програми.\n",
    "2. Для методу скалярних добутків на кожному кроці виводити $\\lambda^{(k)} = \\dfrac{s^{(k)}}{t^{(k)}}$"
   ]
  },
  {
   "cell_type": "markdown",
   "metadata": {},
   "source": [
    "### Метод скалярних добутків"
   ]
  },
  {
   "cell_type": "code",
   "execution_count": 4,
   "metadata": {},
   "outputs": [
    {
     "name": "stdout",
     "output_type": "stream",
     "text": [
      "First approximation  [0.735692 0.450337 0.386997 0.823565 0.108041]\n",
      " > Iteration  1, 𝜆 = 1040.847953\n",
      " > Iteration  2, 𝜆 = 2140.825456\n",
      " > Iteration  3, 𝜆 = 2403.536504\n",
      " > Iteration  4, 𝜆 = 2437.082853\n",
      " > Iteration  5, 𝜆 = 2441.181873\n",
      " > Iteration  6, 𝜆 = 2441.688514\n",
      " > Iteration  7, 𝜆 = 2441.751486\n",
      " > Iteration  8, 𝜆 = 2441.759327\n",
      " > Iteration  9, 𝜆 = 2441.760304\n",
      " > Iteration 10, 𝜆 = 2441.760425\n",
      " > Iteration 11, 𝜆 = 2441.760440\n",
      "Approximation of major eigenvalue:  2441.7604403527166\n",
      "Approximation of major eigenvector:  [ 0.529928  0.278915 -0.508796 -0.342322  0.515097]\n",
      "\n",
      "Results using numpy library:\n",
      "2441.760442510218 [-0.529934 -0.278904  0.508795  0.342327 -0.515095]\n"
     ]
    }
   ],
   "source": [
    "eps = 0.0001\n",
    "A = np.copy(matrix1)\n",
    "y = np.random.rand(5) #в якості першого наближення беремо випадковий вектор\n",
    "print(\"First approximation \", y)\n",
    "\n",
    "iteration = 0 #номер поточної ітерації\n",
    "lmbd = ( A.dot(y) @ y ) / (y @ y) #де @ - скалярний добуток, dot - матричне множення\n",
    "lmbd_prev = np.inf\n",
    "\n",
    "while (np.abs(lmbd - lmbd_prev) >= eps):\n",
    "    y = A.dot(y)\n",
    "    lmbd_prev = lmbd\n",
    "    lmbd = ( A.dot(y) @ y ) / (y @ y)\n",
    "    iteration +=1 \n",
    "    print(\" > Iteration %2d, 𝜆 = %f\" % (iteration, lmbd))\n",
    "\n",
    "print(\"Approximation of major eigenvalue: \", lmbd)\n",
    "y = A.dot(y)\n",
    "x = y / np.linalg.norm(y)\n",
    "print(\"Approximation of major eigenvector: \", x)\n",
    "\n",
    "print(\"\\nResults using numpy library:\")\n",
    "value, vect = np.linalg.eigh(A)\n",
    "print(value[-1],vect[:,-1])"
   ]
  },
  {
   "cell_type": "markdown",
   "metadata": {},
   "source": [
    "Для підтвердження коректності обрахуємо вектор нев'язки"
   ]
  },
  {
   "cell_type": "code",
   "execution_count": 5,
   "metadata": {},
   "outputs": [
    {
     "name": "stdout",
     "output_type": "stream",
     "text": [
      "Residual vector: [ 0.009039 -0.016499  0.001618 -0.007391 -0.003676]\n",
      "Norm of residual vector: 0.020607629480361104\n"
     ]
    }
   ],
   "source": [
    "r = A.dot(x) - lmbd*x\n",
    "print(\"Residual vector:\", r)\n",
    "print(\"Norm of residual vector:\", np.linalg.norm(r))"
   ]
  },
  {
   "cell_type": "markdown",
   "metadata": {},
   "source": [
    "#### **Висновки:**\n",
    "При заданій точності $\\varepsilon = 10^{-4}$ для данної симетричної матриці метод скалярних добутків збігається доволі швидко, 8-12 ітерацій в залежності від першого наближення. Оскільки матриця симетрична, отримані результати були додатково перевірені за допомогою функції з бібліотеки ```numpy``` $-$ різниця між власним числами, отриманим методом скалярних добутків та функцією ```np.linalg.eigh``` такох не перевищує $\\varepsilon$.\n",
    "\n",
    "При точності $\\varepsilon$ для власного числа, норма нев'язки для відповідного власного вектора вийшла значно більшою $-$ порядка $5 \\cdot 10^{-2}$. Отже, якщо першочерговою задачею є знаходження саме власного вектора, доцільно брати за умову виходу з циклу зменшення норми нев'язки $\\|Ax - \\lambda x\\| < \\varepsilon$."
   ]
  },
  {
   "cell_type": "markdown",
   "metadata": {},
   "source": [
    "---\n",
    "# Завдання 2\n",
    "Розв'язати повну проблему власних значень:\n",
    "1. методом Якобі  (матриця з таблиці 1);\n",
    "2. QR або LR методом (матриця з таблиці 2);\n",
    "\n",
    "#### Вимоги до звіту (в електронному вигляді) для другого завдання.\n",
    "1. Звіт має містити код програми.\n",
    "2. Для підтведження коректності роботи методу Якобі виведіть  на кожній ітерації такі величини:\n",
    "    * матриця, що діагоналізується (А);\n",
    "    * $i,j$ - індекси ключового елементу (максимального за модулем); кутові параметри $c, s$; при цьому не забудьте перевірити, що $c^2 + s^2 = 1$;\n",
    "    * суму квадратів діагональних елементів $\\delta$, недіагональних елементів $2\\omega$, всіх елементів ( $\\delta + 2\\omega = \\mathrm{const}$!). Тобто, перевірити, що норма Фробеніуса тобто $\\|A\\|_F = \\sum\\limits^n_{i=1} \\sum\\limits^n_{j=1} a_{ij}^2$ не змінюється, причому $\\delta = \\sum\\limits^n_{i=1} a_{ii}^2$ зростає на $2a_{ij}^2$, а $2\\omega = 2 \\sum\\limits^{n-1}_{i=1} \\sum\\limits^n_{j=i+1} a_{ij}^2$ зменшується на $2a_{ij}^2$.\n",
    "    \n",
    "3. Для методів QR та LR виводьте матриці Q, R або L, R, відповідно, на кожній ітерації. \n",
    "\n",
    "Для кожної власної пари $(\\lambda, v)$ як підтвердження коректності результату вивести на друк значення вектору нев'язки $x = Av – \\lambda v$, де $v$ – власний вектор, $\\lambda$ - власне число. Точність $ \\varepsilon= 10^{-4}$.\n",
    "\n",
    "У висновках проаналізувати одержані результати.\n"
   ]
  },
  {
   "cell_type": "markdown",
   "metadata": {},
   "source": [
    "## 2.1 Метод Якобі"
   ]
  },
  {
   "cell_type": "code",
   "execution_count": 6,
   "metadata": {},
   "outputs": [],
   "source": [
    "def upper_nondiag(B):\n",
    "    \"\"\"\n",
    "    (Допоміжна функція)\n",
    "    Ця функція повертає матрицю, в якій елементи над головною діагоналлю\n",
    "    дорівнюють відповідним елементам вихідної матриці, а усі інші - 0\n",
    "    \"\"\"\n",
    "    i_idx, j_idx = np.mgrid[0:B.shape[0], 0:B.shape[1]]\n",
    "    M = np.copy(B)\n",
    "    M[i_idx>=j_idx] = 0 #розглядаємо лише елементи над головною діагоналлю\n",
    "    return M\n",
    "\n",
    "def max_nondiag(B):\n",
    "    \"\"\"\n",
    "    Ця функція повертає індекс найбільшого за модулем недіагонального елемента\n",
    "    симетричної матриці (B)\n",
    "    \"\"\"\n",
    "    M = np.abs(upper_nondiag(B)) #матриця модулів елементів верхнього трикутника\n",
    "    return np.unravel_index(np.argmax(M), M.shape)\n",
    "\n",
    "def sqrsum_nondiag(B):\n",
    "    \"\"\"\n",
    "    Ця функція повертає сумму квадратів верхніх недіагональних елементів матриці.\n",
    "    \"\"\"\n",
    "    M = upper_nondiag(B)**2 #піднесення кожного елементу в квадрат\n",
    "    return M.sum()\n",
    "\n",
    "def sign(a):\n",
    "    \"\"\"\n",
    "    Модифікована функція сігнум.\n",
    "    Відрізняється тим, що повертає 1 при а==0, тим самим дозволяючи \n",
    "    не втратити загальність в основному циклі програми.\n",
    "    \"\"\"\n",
    "    if a>=0: return 1\n",
    "    return -1"
   ]
  },
  {
   "cell_type": "code",
   "execution_count": 7,
   "metadata": {
    "scrolled": true
   },
   "outputs": [
    {
     "name": "stdout",
     "output_type": "stream",
     "text": [
      "\n",
      ">>> Iteration 1\n",
      " [[ 932   82 -578 -519  593]\n",
      " [  82  834 -350 -100  374]\n",
      " [-578 -350  834  352 -570]\n",
      " [-519 -100  352  653 -253]\n",
      " [ 593  374 -570 -253  898]]\n",
      "Argmax (0,4)\n",
      "c = 0.7171666536, s = 0.6969017083, c²+s² = 1.000000\n",
      "𝛿 = 3492549.000000, 2𝜔 = 3494014.000000, sum = 6986563.000000\n",
      "\n",
      ">>> Iteration 2\n",
      " [[ 1.508244e+03  3.194489e+02 -8.117563e+02 -5.485256e+02  1.136868e-13]\n",
      " [ 3.194489e+02  8.340000e+02 -3.500000e+02 -1.000000e+02  2.110744e+02]\n",
      " [-8.117563e+02 -3.500000e+02  8.340000e+02  3.520000e+02 -5.975805e+00]\n",
      " [-5.485256e+02 -1.000000e+02  3.520000e+02  6.530000e+02  1.802488e+02]\n",
      " [ 5.684342e-14  2.110744e+02 -5.975805e+00  1.802488e+02  3.217564e+02]]\n",
      "Argmax (0,2)\n",
      "c = 0.8317268546, s =-0.5551850497, c²+s² = 1.000000\n",
      "𝛿 = 4195847.000000, 2𝜔 = 2790716.000000, sum = 6986563.000000\n",
      "\n",
      ">>> Iteration 3\n",
      " [[2050.098153  460.009       0.       -651.648631    3.317678]\n",
      " [ 460.009     834.       -113.751143 -100.        211.074388]\n",
      " [   0.       -113.751143  292.145473  -11.765374   -4.970238]\n",
      " [-651.648631 -100.        -11.765374  653.        180.248823]\n",
      " [   3.317678  211.074388   -4.970238  180.248823  321.756374]]\n",
      "Argmax (0,3)\n",
      "c = 0.9303837430, s =-0.3665870848, c²+s² = 1.000000\n",
      "𝛿 = 5513743.579506, 2𝜔 = 1472819.420494, sum = 6986563.000000\n",
      "\n",
      ">>> Iteration 4\n",
      " [[ 2.306859e+03  4.646436e+02  4.313034e+00 -1.136868e-13 -6.299018e+01]\n",
      " [ 4.646436e+02  8.340000e+02 -1.137511e+02  7.559498e+01  2.110744e+02]\n",
      " [ 4.313034e+00 -1.137511e+02  2.921455e+02 -1.094631e+01 -4.970238e+00]\n",
      " [-5.684342e-14  7.559498e+01 -1.094631e+01  3.962393e+02  1.689168e+02]\n",
      " [-6.299018e+01  2.110744e+02 -4.970238e+00  1.689168e+02  3.217564e+02]]\n",
      "Argmax (0,1)\n",
      "c = 0.9606592425, s = 0.2777297603, c²+s² = 1.000000\n",
      "𝛿 = 6363035.454896, 2𝜔 = 623527.545104, sum = 6986563.000000\n",
      "\n",
      ">>> Iteration 5\n",
      " [[ 2.441189e+03  1.136868e-13 -2.744872e+01  2.099498e+01 -1.890457e+00]\n",
      " [ 2.273737e-13  6.996700e+02 -1.104739e+02  7.262102e+01  2.202648e+02]\n",
      " [-2.744872e+01 -1.104739e+02  2.921455e+02 -1.094631e+01 -4.970238e+00]\n",
      " [ 2.099498e+01  7.262102e+01 -1.094631e+01  3.962393e+02  1.689168e+02]\n",
      " [-1.890457e+00  2.202648e+02 -4.970238e+00  1.689168e+02  3.217564e+02]]\n",
      "Argmax (1,4)\n",
      "c = 0.9085994644, s = 0.4176685448, c²+s² = 1.000000\n",
      "𝛿 = 6794822.811708, 2𝜔 = 191740.188292, sum = 6986563.000000\n",
      "\n",
      ">>> Iteration 6\n",
      " [[ 2.441189e+03 -7.895843e-01 -2.744872e+01  2.099498e+01 -1.717668e+00]\n",
      " [-7.895843e-01  8.009222e+02 -1.024525e+02  1.365347e+02  5.684342e-14]\n",
      " [-2.744872e+01 -1.024525e+02  2.921455e+02 -1.094631e+01  4.162554e+01]\n",
      " [ 2.099498e+01  1.365347e+02 -1.094631e+01  3.962393e+02  1.231462e+02]\n",
      " [-1.717668e+00  9.947598e-14  4.162554e+01  1.231462e+02  2.205042e+02]]\n",
      "Argmax (1,3)\n",
      "c = 0.9562781260, s = 0.2924587931, c²+s² = 1.000000\n",
      "𝛿 = 6891855.983759, 2𝜔 = 94707.016241, sum = 6986563.000000\n",
      "\n",
      ">>> Iteration 7\n",
      " [[ 2.441189e+03  5.385103e+00 -2.744872e+01  2.030796e+01 -1.717668e+00]\n",
      " [ 5.385103e+00  8.426786e+02 -1.011744e+02 -2.842171e-14  3.601519e+01]\n",
      " [-2.744872e+01 -1.011744e+02  2.921455e+02  1.949541e+01  4.162554e+01]\n",
      " [ 2.030796e+01 -2.842171e-14  1.949541e+01  3.544829e+02  1.177620e+02]\n",
      " [-1.717668e+00  3.601519e+01  4.162554e+01  1.177620e+02  2.205042e+02]]\n",
      "Argmax (3,4)\n",
      "c = 0.8644219979, s = 0.5027669535, c²+s² = 1.000000\n",
      "𝛿 = 6929139.405543, 2𝜔 = 57423.594457, sum = 6986563.000000\n",
      "\n",
      ">>> Iteration 8\n",
      " [[ 2.441189e+03  5.385103e+00 -2.744872e+01  1.669106e+01 -1.169496e+01]\n",
      " [ 5.385103e+00  8.426786e+02 -1.011744e+02  1.810725e+01  3.113232e+01]\n",
      " [-2.744872e+01 -1.011744e+02  2.921455e+02  3.778020e+01  2.618038e+01]\n",
      " [ 1.669106e+01  1.810725e+01  3.778020e+01  4.229759e+02  2.842171e-14]\n",
      " [-1.169496e+01  3.113232e+01  2.618038e+01 -2.842171e-14  1.520112e+02]]\n",
      "Argmax (1,2)\n",
      "c = 0.9845323392, s =-0.1752029485, c²+s² = 1.000000\n",
      "𝛿 = 6956875.187205, 2𝜔 = 29687.812795, sum = 6986563.000000\n",
      "\n",
      ">>> Iteration 9\n",
      " [[ 2.441189e+03  1.011091e+01 -2.608067e+01  1.669106e+01 -1.169496e+01]\n",
      " [ 1.011091e+01  8.606832e+02  1.136868e-13  1.120797e+01  2.606390e+01]\n",
      " [-2.608067e+01  1.065814e-13  2.741409e+02  4.036828e+01  3.122991e+01]\n",
      " [ 1.669106e+01  1.120797e+01  4.036828e+01  4.229759e+02  2.842171e-14]\n",
      " [-1.169496e+01  2.606390e+01  3.122991e+01 -2.842171e-14  1.520112e+02]]\n",
      "Argmax (2,3)\n",
      "c = 0.9692783073, s =-0.2459665892, c²+s² = 1.000000\n",
      "𝛿 = 6977347.709722, 2𝜔 = 9215.290278, sum = 6986563.000000\n",
      "\n",
      ">>> Iteration 10\n",
      " [[ 2.441189e+03  1.011091e+01 -2.938487e+01  9.763308e+00 -1.169496e+01]\n",
      " [ 1.011091e+01  8.606832e+02 -2.756785e+00  1.086364e+01  2.606390e+01]\n",
      " [-2.938487e+01 -2.756785e+00  2.638970e+02  1.421085e-14  3.027047e+01]\n",
      " [ 9.763308e+00  1.086364e+01  1.421085e-14  4.332198e+02  7.681514e+00]\n",
      " [-1.169496e+01  2.606390e+01  3.027047e+01  7.681514e+00  1.520112e+02]]\n",
      "Argmax (2,4)\n",
      "c = 0.9694075711, s = 0.2454566378, c²+s² = 1.000000\n",
      "𝛿 = 6980606.905173, 2𝜔 = 5956.094827, sum = 6986563.000000\n",
      "\n",
      ">>> Iteration 11\n",
      " [[ 2.441189e+03  1.011091e+01 -3.135652e+01  9.763308e+00 -4.124472e+00]\n",
      " [ 1.011091e+01  8.606832e+02  3.725108e+00  1.086364e+01  2.594321e+01]\n",
      " [-3.135652e+01  3.725108e+00  2.715615e+02  1.885479e+00  0.000000e+00]\n",
      " [ 9.763308e+00  1.086364e+01  1.885479e+00  4.332198e+02  7.446518e+00]\n",
      " [-4.124472e+00  2.594321e+01 -7.105427e-15  7.446518e+00  1.443466e+02]]\n",
      "Argmax (0,2)\n",
      "c = 0.9998956227, s =-0.0144479656, c²+s² = 1.000000\n",
      "𝛿 = 6982439.508042, 2𝜔 = 4123.491958, sum = 6986563.000000\n",
      "\n",
      ">>> Iteration 12\n",
      " [[ 2.441642e+03  1.005603e+01  4.547474e-12  9.735048e+00 -4.124041e+00]\n",
      " [ 1.005603e+01  8.606832e+02  3.870801e+00  1.086364e+01  2.594321e+01]\n",
      " [ 4.549694e-12  3.870801e+00  2.711085e+02  2.026342e+00 -5.959023e-02]\n",
      " [ 9.735048e+00  1.086364e+01  2.026342e+00  4.332198e+02  7.446518e+00]\n",
      " [-4.124041e+00  2.594321e+01 -5.959023e-02  7.446518e+00  1.443466e+02]]\n",
      "Argmax (1,4)\n",
      "c = 0.9993465381, s = 0.0361454957, c²+s² = 1.000000\n",
      "𝛿 = 6984405.970710, 2𝜔 = 2157.029290, sum = 6986563.000000\n",
      "\n",
      ">>> Iteration 13\n",
      " [[ 2.441642e+03  9.900393e+00  4.547474e-12  9.735048e+00 -4.484827e+00]\n",
      " [ 9.900393e+00  8.616215e+02  3.866118e+00  1.112570e+01  6.536993e-13]\n",
      " [ 4.549694e-12  3.866118e+00  2.711085e+02  2.026342e+00 -1.994633e-01]\n",
      " [ 9.735048e+00  1.112570e+01  2.026342e+00  4.332198e+02  7.048980e+00]\n",
      " [-4.484827e+00  6.821210e-13 -1.994633e-01  7.048980e+00  1.434083e+02]]\n",
      "Argmax (1,3)\n",
      "c = 0.9996633973, s = 0.0259440187, c²+s² = 1.000000\n",
      "𝛿 = 6985752.070852, 2𝜔 = 810.929148, sum = 6986563.000000\n",
      "\n",
      ">>> Iteration 14\n",
      " [[ 2.441642e+03  1.014963e+01  4.547474e-12  9.474915e+00 -4.484827e+00]\n",
      " [ 1.014963e+01  8.619102e+02  3.917388e+00  3.126388e-13  1.828789e-01]\n",
      " [ 4.549694e-12  3.917388e+00  2.711085e+02  1.925357e+00 -1.994633e-01]\n",
      " [ 9.474915e+00  3.268497e-13  1.925357e+00  4.329311e+02  7.046607e+00]\n",
      " [-4.484827e+00  1.828789e-01 -1.994633e-01  7.046607e+00  1.434083e+02]]\n",
      "Argmax (0,1)\n",
      "c = 0.9999793626, s = 0.0064245077, c²+s² = 1.000000\n",
      "𝛿 = 6985999.633121, 2𝜔 = 563.366879, sum = 6986563.000000\n",
      "\n",
      ">>> Iteration 15\n",
      " [[ 2.441707e+03  4.508394e-12  2.516729e-02  9.474720e+00 -4.483559e+00]\n",
      " [ 4.606093e-12  8.618450e+02  3.917307e+00 -6.087167e-02  2.116879e-01]\n",
      " [ 2.516729e-02  3.917307e+00  2.711085e+02  1.925357e+00 -1.994633e-01]\n",
      " [ 9.474720e+00 -6.087167e-02  1.925357e+00  4.329311e+02  7.046607e+00]\n",
      " [-4.483559e+00  2.116879e-01 -1.994633e-01  7.046607e+00  1.434083e+02]]\n",
      "Argmax (0,3)\n",
      "c = 0.9999888772, s = 0.0047165055, c²+s² = 1.000000\n",
      "𝛿 = 6986205.662971, 2𝜔 = 357.337029, sum = 6986563.000000\n",
      "\n",
      ">>> Iteration 16\n",
      " [[ 2.441752e+03 -2.871015e-04  3.424796e-02  4.785505e-12 -4.450274e+00]\n",
      " [-2.871015e-04  8.618450e+02  3.917307e+00 -6.087099e-02  2.116879e-01]\n",
      " [ 3.424796e-02  3.917307e+00  2.711085e+02  1.925217e+00 -1.994633e-01]\n",
      " [ 4.769518e-12 -6.087099e-02  1.925217e+00  4.328864e+02  7.067676e+00]\n",
      " [-4.450274e+00  2.116879e-01 -1.994633e-01  7.067676e+00  1.434083e+02]]\n",
      "Argmax (3,4)\n",
      "c = 0.9997024359, s = 0.0243934358, c²+s² = 1.000000\n",
      "𝛿 = 6986385.203591, 2𝜔 = 177.796409, sum = 6986563.000000\n",
      "\n",
      ">>> Iteration 17\n",
      " [[ 2.441752e+03 -2.871015e-04  3.424796e-02 -1.085575e-01 -4.448950e+00]\n",
      " [-2.871015e-04  8.618450e+02  3.917307e+00 -5.568908e-02  2.131098e-01]\n",
      " [ 3.424796e-02  3.917307e+00  2.711085e+02  1.919778e+00 -2.463666e-01]\n",
      " [-1.085575e-01 -5.568908e-02  1.919778e+00  4.330589e+02 -2.877698e-13]\n",
      " [-4.448950e+00  2.131098e-01 -2.463666e-01 -3.481659e-13  1.432358e+02]]\n",
      "Argmax (0,4)\n",
      "c = 0.9999981268, s =-0.0019355639, c²+s² = 1.000000\n",
      "𝛿 = 6986485.107667, 2𝜔 = 77.892333, sum = 6986563.000000\n",
      "\n",
      ">>> Iteration 18\n",
      " [[ 2.441760e+03 -6.995886e-04  3.472476e-02 -1.085573e-01  5.319922e-11]\n",
      " [-6.995886e-04  8.618450e+02  3.917307e+00 -5.568908e-02  2.131088e-01]\n",
      " [ 3.472476e-02  3.917307e+00  2.711085e+02  1.919778e+00 -2.462999e-01]\n",
      " [-1.085573e-01 -5.568908e-02  1.919778e+00  4.330589e+02 -2.101199e-04]\n",
      " [ 5.310247e-11  2.131088e-01 -2.462999e-01 -2.101199e-04  1.432272e+02]]\n",
      "Argmax (1,2)\n",
      "c = 0.9999780161, s = 0.0066307871, c²+s² = 1.000000\n",
      "𝛿 = 6986524.693973, 2𝜔 = 38.306027, sum = 6986563.000000\n",
      "\n",
      ">>> Iteration 19\n",
      " [[ 2.441760e+03 -4.693207e-04  3.472863e-02 -1.085573e-01  5.319922e-11]\n",
      " [-4.693207e-04  8.618710e+02  1.980638e-12 -4.295821e-02  2.114710e-01]\n",
      " [ 3.472863e-02  1.976419e-12  2.710825e+02  1.920105e+00 -2.477075e-01]\n",
      " [-1.085573e-01 -4.295821e-02  1.920105e+00  4.330589e+02 -2.101199e-04]\n",
      " [ 5.310247e-11  2.114710e-01 -2.477075e-01 -2.101199e-04  1.432272e+02]]\n",
      "Argmax (2,3)\n",
      "c = 0.9999297657, s =-0.0118517333, c²+s² = 1.000000\n",
      "𝛿 = 6986555.384559, 2𝜔 = 7.615441, sum = 6986563.000000\n",
      "\n",
      ">>> Iteration 20\n",
      " [[ 2.441760e+03 -4.693207e-04  3.601279e-02 -1.081380e-01  5.319922e-11]\n",
      " [-4.693207e-04  8.618710e+02  5.091293e-04 -4.295520e-02  2.114710e-01]\n",
      " [ 3.601279e-02  5.091293e-04  2.710597e+02  5.444534e-13 -2.476876e-01]\n",
      " [-1.081380e-01 -4.295520e-02  5.586642e-13  4.330816e+02 -3.145869e-03]\n",
      " [ 5.310247e-11  2.114710e-01 -2.476876e-01 -3.145869e-03  1.432272e+02]]\n",
      "Argmax (2,4)\n",
      "c = 0.9999981229, s =-0.0019375843, c²+s² = 1.000000\n",
      "𝛿 = 6986562.758169, 2𝜔 = 0.241831, sum = 6986563.000000\n",
      "\n",
      ">>> Iteration 21\n",
      " [[ 2.441760e+03 -4.693207e-04  3.601272e-02 -1.081380e-01  6.977786e-05]\n",
      " [-4.693207e-04  8.618710e+02  9.938554e-05 -4.295520e-02  2.114715e-01]\n",
      " [ 3.601272e-02  9.938554e-05  2.710602e+02  6.095386e-06 -4.963807e-13]\n",
      " [-1.081380e-01 -4.295520e-02  6.095386e-06  4.330816e+02 -3.145863e-03]\n",
      " [ 6.977786e-05  2.114715e-01 -5.048184e-13 -3.145863e-03  1.432267e+02]]\n",
      "Argmax (1,4)\n",
      "c = 0.9999999567, s = 0.0002942645, c²+s² = 1.000000\n",
      "𝛿 = 6986562.880867, 2𝜔 = 0.119132, sum = 6986563.000000\n",
      "\n",
      ">>> Iteration 22\n",
      " [[ 2.441760e+03 -4.693001e-04  3.601272e-02 -1.081380e-01  6.991597e-05]\n",
      " [-4.693001e-04  8.618711e+02  9.938553e-05 -4.295612e-02 -1.260991e-12]\n",
      " [ 3.601272e-02  9.938553e-05  2.710602e+02  6.095386e-06 -2.924613e-08]\n",
      " [-1.081380e-01 -4.295612e-02  6.095386e-06  4.330816e+02 -3.133222e-03]\n",
      " [ 6.991597e-05 -1.234124e-12 -2.924614e-08 -3.133222e-03  1.432267e+02]]\n",
      "Argmax (0,3)\n",
      "c = 0.9999999986, s =-0.0000538354, c²+s² = 1.000000\n",
      "𝛿 = 6986562.970308, 2𝜔 = 0.029692, sum = 6986563.000000\n",
      "\n",
      ">>> Iteration 23\n",
      " [[ 2.441760e+03 -4.669876e-04  3.601272e-02 -1.988638e-09  7.008464e-05]\n",
      " [-4.669876e-04  8.618711e+02  9.938553e-05 -4.295615e-02 -1.260991e-12]\n",
      " [ 3.601272e-02  9.938553e-05  2.710602e+02  8.034146e-06 -2.924613e-08]\n",
      " [-1.988657e-09 -4.295615e-02  8.034146e-06  4.330816e+02 -3.133219e-03]\n",
      " [ 7.008464e-05 -1.234124e-12 -2.924614e-08 -3.133219e-03  1.432267e+02]]\n",
      "Argmax (1,3)\n",
      "c = 0.9999999950, s =-0.0001001800, c²+s² = 1.000000\n",
      "𝛿 = 6986562.993696, 2𝜔 = 0.006304, sum = 6986563.000000\n",
      "\n",
      ">>> Iteration 24\n",
      " [[ 2.441760e+03 -4.669876e-04  3.601272e-02 -4.877147e-08  7.008464e-05]\n",
      " [-4.669876e-04  8.618711e+02  9.938473e-05  3.847006e-12  3.138847e-07]\n",
      " [ 3.601272e-02  9.938473e-05  2.710602e+02  8.044102e-06 -2.924613e-08]\n",
      " [-4.877149e-08  3.862501e-12  8.044102e-06  4.330816e+02 -3.133219e-03]\n",
      " [ 7.008464e-05  3.138847e-07 -2.924614e-08 -3.133219e-03  1.432267e+02]]\n",
      "Argmax (0,2)\n",
      "c = 0.9999999999, s = 0.0000165904, c²+s² = 1.000000\n",
      "𝛿 = 6986562.997386, 2𝜔 = 0.002614, sum = 6986563.000000\n",
      "\n",
      ">>> RESULTS\n",
      "Matrix B =\n",
      "[[ 2.441760e+03 -4.669859e-04  8.370317e-11 -4.863802e-08  7.008464e-05]\n",
      " [-4.669859e-04  8.618711e+02  9.939247e-05  3.847006e-12  3.138847e-07]\n",
      " [ 8.370503e-11  9.939247e-05  2.710602e+02  8.044103e-06 -3.040886e-08]\n",
      " [-4.863804e-08  3.862501e-12  8.044103e-06  4.330816e+02 -3.133219e-03]\n",
      " [ 7.008464e-05  3.138847e-07 -3.040887e-08 -3.133219e-03  1.432267e+02]]\n",
      "Eigenvalues:\n",
      "[2441.760443  861.871077  271.060197  433.081603  143.22668 ]\n",
      "Eigenvectors:\n",
      "[[ 0.529933 -0.438611  0.159073  0.07858  -0.703784]\n",
      " [ 0.278904  0.80085   0.188505 -0.400634 -0.291221]\n",
      " [-0.508795 -0.078574  0.845044 -0.008889 -0.144134]\n",
      " [-0.342327  0.358277 -0.243654  0.696408 -0.458364]\n",
      " [ 0.515095  0.17811   0.407056  0.59013   0.434748]]\n",
      "\n",
      "Results using numpy library:\n",
      "[2441.760443  861.871077  433.081604  271.060197  143.22668 ]\n",
      "[[-0.529934  0.438611  0.078588  0.159073  0.703783]\n",
      " [-0.278904 -0.80085  -0.400631  0.188505  0.291225]\n",
      " [ 0.508795  0.078574 -0.008888  0.845044  0.144134]\n",
      " [ 0.342327 -0.358277  0.696413 -0.243654  0.458357]\n",
      " [-0.515095 -0.17811   0.590125  0.407056 -0.434754]]\n"
     ]
    }
   ],
   "source": [
    "eps = 0.0001\n",
    "iteration = 0\n",
    "B = np.copy(matrix1)\n",
    "V = np.eye(B.shape[0]) #матриця, що в кінці буде містити власні вектори\n",
    "\n",
    "while 2*sqrsum_nondiag(B) >= eps:\n",
    "    iteration += 1\n",
    "    print(\"\\n>>> Iteration %d\"%iteration)\n",
    "    print(\"\",B)\n",
    "                       \n",
    "    i, j = max_nondiag(B)\n",
    "    print(\"Argmax (%d,%d)\"%(i,j))\n",
    "\n",
    "    tau = (B[i,i] - B[j,j]) / (2 * B[i,j])\n",
    "    t = -tau + sign(tau)*np.sqrt(tau**2 + 1) \n",
    "    \n",
    "    c = 1 / np.sqrt(1 + t**2)\n",
    "    s = c*t\n",
    "    print(\"c =% .10f, s =% .10f, c²+s² = %f\" % (c,s,c**2 + s**2))\n",
    "    \n",
    "    delta = (np.diag(B)**2).sum()\n",
    "    omega = 2*sqrsum_nondiag(B)\n",
    "    print(\"𝛿 = %f, 2𝜔 = %f, sum = %f\" % (delta,omega,delta+omega))\n",
    "    \n",
    "    T = np.eye(B.shape[0]) #будуємо матрицю плоского обертання\n",
    "    T[i,i] = T[j,j] = c\n",
    "    T[i,j] = -s\n",
    "    T[j,i] = s\n",
    "    \n",
    "    V = V @ T        # @ в данному випадку інтерпретується як матричне множення\n",
    "    B = T.T @ B @ T  # .T - операція транспонування\n",
    "\n",
    "print(\"\\n>>> RESULTS\")\n",
    "print(\"Matrix B =\")\n",
    "print(B)\n",
    "print(\"Eigenvalues:\")\n",
    "print(np.diag(B))\n",
    "print(\"Eigenvectors:\")\n",
    "print(V)\n",
    "\n",
    "print(\"\\nResults using numpy library:\")\n",
    "value, vect = np.linalg.eigh(matrix1)\n",
    "print(value[::-1])\n",
    "print(vect[:,::-1])"
   ]
  },
  {
   "cell_type": "markdown",
   "metadata": {},
   "source": [
    "Для підтвердження коректності обрахуємо вектори нев'язки"
   ]
  },
  {
   "cell_type": "code",
   "execution_count": 8,
   "metadata": {
    "scrolled": false
   },
   "outputs": [
    {
     "name": "stdout",
     "output_type": "stream",
     "text": [
      ">>> 1 EIGENVALUE\n",
      "( 2441.7604425100776 , [ 0.529933  0.278904 -0.508795 -0.342327  0.515095] )\n",
      "Residual: [ 1.554968e-04 -3.943763e-04  2.659204e-05 -1.994687e-04 -5.273450e-05]\n",
      "Norm of residual vector: 0.000472215758385825\n",
      "\n",
      ">>> 2 EIGENVALUE\n",
      "( 861.8710772983119 , [-0.438611  0.80085  -0.078574  0.358277  0.17811 ] )\n",
      "Residual: [-0.000232 -0.000112  0.000322  0.000136 -0.0002  ]\n",
      "Norm of residual vector: 0.0004774461492828368\n",
      "\n",
      ">>> 3 EIGENVALUE\n",
      "( 271.06019712799525 , [ 0.159073  0.188505  0.845044 -0.243654  0.407056] )\n",
      "Residual: [-4.294106e-05  7.638459e-05 -7.876866e-06  4.122597e-05  2.243671e-05]\n",
      "Norm of residual vector: 9.971746338230464e-05\n",
      "\n",
      ">>> 4 EIGENVALUE\n",
      "( 433.0816034888191 , [ 0.07858  -0.400634 -0.008889  0.696408  0.59013 ] )\n",
      "Residual: [ 0.002206  0.000914  0.000458  0.001434 -0.001359]\n",
      "Norm of residual vector: 0.0031332289550770266\n",
      "\n",
      ">>> 5 EIGENVALUE\n",
      "( 143.22667957479646 , [-0.703784 -0.291221 -0.144134 -0.458364  0.434748] )\n",
      "Residual: [-2.092112e-04  1.275068e-03 -7.857263e-06 -2.205872e-03 -1.812863e-03]\n",
      "Norm of residual vector: 0.0031340023822692517\n",
      "\n",
      "Norm of residual MATRIX: 0.004483300206035586\n"
     ]
    }
   ],
   "source": [
    "A = np.copy(matrix1)\n",
    "R = A@V - np.diag(B)*V #матриця векторів нев'язки\n",
    "\n",
    "for index, lmbd in enumerate(np.diag(B)):\n",
    "    print(\">>> %d EIGENVALUE\" % (index+1))\n",
    "    print(\"(\",lmbd,\",\",V[:,index],\")\")\n",
    "    print(\"Residual:\", R[:,index])\n",
    "    print(\"Norm of residual vector:\", np.linalg.norm(R[:,index]))\n",
    "    print()\n",
    "\n",
    "print(\"Norm of residual MATRIX:\", np.linalg.norm(R))"
   ]
  },
  {
   "cell_type": "markdown",
   "metadata": {},
   "source": [
    "#### **Висновки**:\n",
    "При даних умовах метод Якобі збігається за 24 ітерації, що є доволі хорошим результатом, враховуючи він дає усі власні значення та відповідні вектори, при цьому в випадку матриці $5\\times5$ недіагональних елементів 10 пар, тобто в процессі досяжності рівня точності $\\varepsilon = 10^{-4}$ кожна пара мінімізується в середньому 2-3 рази. Перевірки показали, що на кожній ітерації сума квадратів кутових коефіцієнтів дорівнює одиниці, а норма Фробеніуса матриці не змінюється (дорівнює 6986563) з великим рівнем точності. Додаткова перевірка за допомогою бібліотеки ```numpy```, результати якої, враховуючи невеликий заданий рівень точності $\\varepsilon = 10^{-4}$, можемо прийняти за дійсні значення, показала що отримані методом Якобі власні числа та координати матриці власних векторів відрізняються від них не більш ніж на $\\varepsilon$.\n",
    "\n",
    "Для перевірки отриманих власних чисел та векторів, були обраховані вектори нев'язки для кожної пари. Норма виявилась порядку $5 \\times 10^{-3}$ для найбільшого вектора нев'язки, що не є дуже гарним результатом, але, принаймні, кращим аніж в методі скалярних добутків."
   ]
  },
  {
   "cell_type": "markdown",
   "metadata": {},
   "source": [
    "## 2.2 QR метод"
   ]
  },
  {
   "cell_type": "code",
   "execution_count": 9,
   "metadata": {
    "scrolled": false
   },
   "outputs": [
    {
     "name": "stdout",
     "output_type": "stream",
     "text": [
      "\n",
      ">>> Iteration 1\n",
      "A=\n",
      "[[ 863 -758 -380 -208 -294]\n",
      " [ -17  756 -345  553  771]\n",
      " [-856  129  872  661  654]\n",
      " [ 854  818  401  878 -108]\n",
      " [-847   78  579  599  834]]\n",
      "Q=\n",
      "[[-0.504642  0.528606 -0.164039  0.652606 -0.114497]\n",
      " [ 0.009941 -0.558112  0.567288  0.563471 -0.221581]\n",
      " [ 0.500549 -0.063989 -0.520722  0.191977 -0.661324]\n",
      " [-0.499379 -0.635833 -0.572312  0.009008  0.136797]\n",
      " [ 0.495286 -0.026626 -0.22931   0.46869   0.694067]]\n",
      "R=\n",
      "[[-1710.12251     84.744806   711.332663   299.54696    950.389806]\n",
      " [    0.       -1353.058505  -334.506047 -1035.093417  -581.099337]\n",
      " [    0.           0.        -949.717088  -636.214157    15.618919]\n",
      " [    0.           0.           0.         591.408306   758.037208]\n",
      " [    0.           0.           0.           0.          -5.605164]]\n",
      "\n",
      ">>> Iteration 2\n",
      "A=\n",
      "[[ 1.541027e+03 -1.212562e+03 -4.311745e+02 -4.835887e+02  4.072155e+02]\n",
      " [ 4.820676e+01  1.450182e+03  1.322599e+02 -1.108306e+03 -2.389105e+01]\n",
      " [-1.499318e+02  4.648819e+02  8.550700e+02 -1.807343e+02  5.518791e+02]\n",
      " [ 8.010819e+01 -3.962210e+02 -5.122961e+02  3.606119e+02  6.070318e+02]\n",
      " [-2.776160e+00  1.492453e-01  1.285323e+00 -2.627084e+00 -3.890359e+00]]\n",
      "Q=\n",
      "[[-0.993489 -0.002851 -0.113861 -0.001993  0.001739]\n",
      " [-0.031079 -0.951621  0.296376 -0.07479   0.004362]\n",
      " [ 0.09666  -0.221543 -0.828756 -0.504402  0.017852]\n",
      " [-0.051645  0.212899  0.460826 -0.859433  0.031967]\n",
      " [ 0.00179   0.001306 -0.001032  0.036832  0.999318]]\n",
      "R=\n",
      "[[-1551.125823  1224.996435   533.36767    478.786277  -381.834285]\n",
      " [    0.       -1563.913289  -423.13255   1172.876707    28.540944]\n",
      " [    0.           0.        -856.431928    42.553372  -231.07982 ]\n",
      " [    0.           0.           0.        -135.001551  -799.239638]\n",
      " [    0.           0.           0.           0.          25.973022]]\n",
      "\n",
      ">>> Iteration 3\n",
      "A=\n",
      "[[ 1.529100e+03 -1.178040e+03  3.186715e+02 -7.831073e+02 -3.541007e+02]\n",
      " [-5.281816e+01  1.831737e+03  4.276295e+02 -6.765630e+02  5.163819e+01]\n",
      " [-8.539394e+01  1.984941e+02  7.296208e+02  3.869027e+02 -2.448511e+02]\n",
      " [ 5.541725e+00 -2.978590e+01 -6.138763e+01  8.658679e+01 -8.030105e+02]\n",
      " [ 4.648576e-02  3.393317e-02 -2.679483e-02  9.566503e-01  2.595532e+01]]\n",
      "Q=\n",
      "[[-9.978445e-01 -3.848394e-02 -5.314397e-02 -1.060152e-03 -3.773705e-05]\n",
      " [ 3.446753e-02 -9.965777e-01  7.466319e-02 -8.385415e-03 -1.234520e-04]\n",
      " [ 5.572550e-02 -7.178958e-02 -9.927635e-01 -7.849265e-02 -6.641584e-04]\n",
      " [-3.616362e-03  1.407741e-02  7.759982e-02 -9.968344e-01 -9.386171e-03]\n",
      " [-3.033520e-05 -4.003020e-05  7.622824e-05 -9.410082e-03  9.999557e-01]]\n",
      "R=\n",
      "[[-1532.403477  1249.805203  -262.364782   779.347021   344.376056]\n",
      " [    0.       -1794.801431  -491.673122   677.827959   -31.561863]\n",
      " [    0.           0.        -714.111877  -386.280654   203.441497]\n",
      " [    0.           0.           0.        -110.187248   819.385643]\n",
      " [    0.           0.           0.           0.          33.660972]]\n",
      "\n",
      ">>> Iteration 4\n",
      "A=\n",
      "[[ 1.554729e+03 -1.156763e+03  4.957221e+02 -7.683824e+02  3.371235e+02]\n",
      " [-9.171142e+01  1.833499e+03  4.067065e+02 -6.217424e+02 -3.737455e+01]\n",
      " [-3.840348e+01  4.581982e+01  6.789844e+02  4.391960e+02  2.075325e+02]\n",
      " [ 3.736207e-01 -1.583951e+00 -8.488051e+00  1.021280e+02  8.203836e+02]\n",
      " [-1.021112e-03 -1.347455e-03  2.565917e-03 -3.167525e-01  3.365948e+01]]\n",
      "Q=\n",
      "[[-9.979613e-01 -5.908942e-02 -2.411721e-02 -9.425667e-05  8.895316e-07]\n",
      " [ 5.886843e-02 -9.982177e-01  9.774844e-03 -6.219395e-04  3.103976e-06]\n",
      " [ 2.465072e-02 -8.327016e-03 -9.995887e-01 -1.205879e-02  3.113086e-05]\n",
      " [-2.398226e-04  7.268742e-04  1.205094e-02 -9.999226e-01  2.993225e-03]\n",
      " [ 6.554394e-07  1.234540e-06 -4.962024e-06  2.993384e-03  9.999955e-01]]\n",
      "R=\n",
